184 5.068750691193276e-05
336 0.002055148007520183
314 0.0008294319312861725
351 0.003589597080399602
224 0.006234563350167729
132 0.00018431820695248276
158 0.00030873299664540866
128 0.008838058023371549
223 0.0003271648173406569
308 5.99034172595569e-05
341 0.0005068750691193276
349 0.0001797102517786707
382 0.0036402845873115346
238 0.00403196077708556
369 5.529546208574483e-05
248 5.068750691193276e-05
266 0.030200538209164303
313 0.0022348582592988534
127 0.00012441478969292587
340 0.0016819036384414052
288 0.0008340398864599845
172 0.0007787444243742397
209 0.0004884432484240793
243 0.00047001142772883103
302 0.00016127843108342243
200 4.147159656430862e-05
227 0.0001520625207357983
155 4.147159656430862e-05
147 9.676705865005345e-05
143 0.0019123013971320086
261 0.00027647731042872414
124 0.0014422899694031776
359 0.0033545913665351864
343 0.0016173922660080362
291 0.0006497216795075017
241 0.00010137501382386553
235 0.002073579828215431
367 1.3823865521436207e-05
393 0.002654182180115752
274 0.0026956537766800607
240 0.0013639547314483725
269 0.0018431820695248276
199 4.607955173812069e-05
119 3.2255686216684484e-05
246 0.00014284661038817414
282 0.00010598296899767759
133 0.2700722527371254
177 0.002621926493899067
170 3.686364139049655e-05
310 0.0017049434143104655
364 0.00016127843108342243
201 0.0002810852656025362
312 0.006520256570944078
244 7.37272827809931e-05
357 0.0010367899141077155
233 0.0032301765768422606
236 0.003308511814797066
264 0.21214104029196004
225 0.0017878866074390828
234 0.10537471891473439
328 0.0007234489622884949
417 0.00023500571386441551
151 0.00046540347255501896
135 0.0008017842002433001
136 0.00010598296899767759
348 0.005377483687838685
217 0.0008110001105909242
168 7.37272827809931e-05
134 0.0029030117595016036
237 0.0011842444796697018
262 0.00027647731042872414
150 0.0003686364139049655
114 0.005137870018800457
196 0.011363217458620562
303 0.014727024735503374
191 4.147159656430862e-05
392 0.0003271648173406569
226 0.00041010801046927417
267 0.005022671139455155
272 0.00227172190068935
212 1.8431820695248275e-05
353 0.0003179489069930328
315 0.0001520625207357983
205 0.0038522505253068898
372 0.00041471596564308623
215 0.0001658863862572345
350 0.00044236369668595863
275 0.005796807608655583
385 0.007874995392044826
164 0.0005621705312050724
338 0.002119659379953552
292 0.0022256423489512294
159 6.911932760718103e-05
162 0.0001935341173001069
333 0.0001474545655619862
388 0.0002672614000811
356 0.01489751907693442
375 0.00011059092417148966
326 3.686364139049655e-05
402 6.451137243336897e-05
397 0.0030827220112802744
125 0.0024514321524680208
395 2.3039775869060345e-05
290 0.0007741364692004276
176 0.0025620230766395104
354 0.01367180300070041
185 0.0001520625207357983
141 0.003571165259704354
279 0.002068971873041619
399 0.00020735798282154312
192 0.0012118922107125741
383 0.0019030854867843846
307 0.0007741364692004276
295 9.215910347624138e-05
361 0.00015667047590961036
286 0.00018892616212629482
404 0.0
390 0.001930733217827257
294 0.0001474545655619862
115 0.003414494783794743
344 0.0008524717071552327
268 4.147159656430862e-05
171 0.0004792273380764552
117 0.00010598296899767759
273 6.451137243336897e-05
193 0.00047001142772883103
418 9.215910347624138e-05
220 3.2255686216684484e-05
198 0.0006128580381170052
231 0.0005022671139455155
386 6.911932760718103e-05
363 0.0013593467762745605
346 0.00014284661038817414
210 0.0010413978692815277
270 0.0002396136690382276
144 0.00253898330077045
347 0.07071828805249382
280 0.006699966822722748
281 9.215910347624138e-05
118 0.001801710472960519
122 4.607955173812069e-05
116 3.2255686216684484e-05
360 0.0001520625207357983
239 0.0011796365244958896
228 0.0006220739484646293
305 0.00028569322077634827
130 0.00017049434143104656
152 9.215910347624138e-05
389 0.0005898182622479448
276 0.00307350610093265
213 0.0024237844214251483
186 0.00047001142772883103
413 0.00020275002764773105
285 6.451137243336897e-05
316 0.00027647731042872414
245 0.002852324252589671
232 0.0035112618424447965
175 0.002331625317948907
149 7.37272827809931e-05
263 0.010575257123898698
387 0.00025804548973347587
283 0.0001797102517786707
391 0.00023500571386441551
211 4.607955173812069e-05
396 0.0001935341173001069
352 4.607955173812069e-05
345 0.008667563681940502
258 0.0012211081210601984
253 0.0005391307553360121
163 0.0023869207800346517
140 0.0022164264386036053
293 0.017422678512183435
194 0.0004792273380764552
342 0.0032255686216684483
161 5.529546208574483e-05
358 0.001396210417665057
271 0.003400670918273307
156 0.00010598296899767759
260 8.294319312861725e-05
384 0.0016911195487890295
153 0.0018247502488295793
277 0.008580012533638073
214 0.0010966933313672725
